BAR_STOCK   , ---      , ---  ,      60.00 ,      60.00 ,       6.00 ,   10680.00 ,       30.7 ,      14098 ,      14098
BAR_STOCK   , ---      , ---  ,     125.00 ,     125.00 ,       5.00 ,  229757.86 ,     1142.8 ,     597370 ,     597370
BAR_STOCK   , ---      , ---  ,     150.00 ,     150.00 ,       5.00 ,  171151.05 ,     1026.7 ,     530568 ,     530568
BAR_STOCK   , ---      , ---  ,     150.00 ,     150.00 ,       6.00 ,  126945.45 ,      914.0 ,     396070 ,     396070
BAR_STOCK   , ---      , ---  ,     150.00 ,     150.00 ,      10.00 ,    5882.00 ,       70.1 ,      18822 ,      18822
BAR_STOCK   , ---      , ---  ,     175.00 ,     175.00 ,       8.00 ,   29436.00 ,      323.8 ,     107736 ,     107736
BAR_STOCK   , ---      , ---  ,     175.00 ,     175.00 ,      10.00 ,     732.08 ,       10.1 ,       2709 ,       2709
BAR_STOCK   , ---      , ---  ,     200.00 ,     200.00 ,      16.00 ,   39079.73 ,      997.6 ,     168824 ,     168824
PLATE_STOCK , Web      , ---  ,       0.00 ,       0.00 ,       4.00 ,       0.00 ,     1294.9 ,     412083 ,     824165
PLATE_STOCK , Web      , ---  ,       0.00 ,       0.00 ,       5.00 ,       0.00 ,     2031.1 ,     517083 ,    1034166
PLATE_STOCK , Other    , ---  ,     498.00 ,     498.00 ,       4.00 ,     428.00 ,        6.7 ,       2131 ,       4263
PLATE_STOCK , Other    , ---  ,      75.00 ,      75.00 ,       5.00 ,   11700.00 ,       35.0 ,       8775 ,      17550
PLATE_STOCK , Other    , ---  ,     120.00 ,     120.00 ,       5.00 ,    8574.13 ,       39.9 ,      10289 ,      20578
PLATE_STOCK , Other    , ---  ,     150.80 ,     150.80 ,       5.00 ,    2460.00 ,       14.6 ,       3710 ,       7419
PLATE_STOCK , Other    , ---  ,     230.00 ,     230.00 ,       5.00 ,    1610.00 ,       14.8 ,       3703 ,       7406
PLATE_STOCK , Other    , ---  ,     144.45 ,     144.45 ,       5.00 ,    4444.09 ,       25.2 ,       6419 ,      12839
PLATE_STOCK , Other    , ---  ,     197.50 ,     197.50 ,       8.00 ,     295.00 ,        3.7 ,        583 ,       1165
PLATE_STOCK , Other    , ---  ,     197.50 ,     197.50 ,       8.00 ,     295.00 ,        3.7 ,        583 ,       1165
PLATE_STOCK , Other    , ---  ,     197.00 ,     197.00 ,       8.00 ,     294.00 ,        3.7 ,        579 ,       1158
PLATE_STOCK , Other    , ---  ,     197.00 ,     197.00 ,       8.00 ,     294.00 ,        3.7 ,        579 ,       1158
PLATE_STOCK , Other    , ---  ,     197.50 ,     197.50 ,      10.00 ,    1180.00 ,       18.6 ,       2330 ,       4661
PLATE_STOCK , Other    , ---  ,     197.00 ,     197.00 ,      10.00 ,    1176.00 ,       18.5 ,       2317 ,       4633
PLATE_STOCK , Other    , ---  ,     197.50 ,     197.50 ,      10.00 ,     295.00 ,        4.7 ,        583 ,       1165
PLATE_STOCK , Other    , ---  ,     197.00 ,     197.00 ,      10.00 ,     294.00 ,        4.6 ,        579 ,       1158
HOT_ROLLED  , T100x40  , ---  ,     100.00 ,     100.00 ,       4.00 ,    7087.50 ,      332.5 ,     113400 ,     113400
COLD_FORMED , 200C20   , ---  ,      60.00 ,     345.00 ,       2.00 ,    7960.00 ,       43.1 ,      54924 ,      54924
COLD_FORMED , 200C25   , ---  ,      60.00 ,     345.20 ,       2.50 ,   23919.99 ,      161.9 ,     165143 ,     165143
COLD_FORMED , 200Z15   , ---  ,      60.00 ,     345.00 ,       1.50 ,  625242.75 ,     2538.5 ,    4314168 ,    4314168
COLD_FORMED , 200Z18   , ---  ,      60.00 ,     345.00 ,       1.80 ,  519879.00 ,     2531.8 ,    3587160 ,    3587160
PANEL       , 40333 .5 , A2   ,    1000.00 ,    1000.00 ,       0.45 ,  784239.75 ,     3380.1 ,    7842397 ,    7842397
PANEL       , 40333 .5 , A3   ,    1000.00 ,    1000.00 ,       0.45 ,  620589.56 ,     2674.7 ,    6205896 ,    6205896
TRIM        ,          , --   ,     500.00 ,     501.65 ,       0.40 ,  112000.03 ,      175.8 ,    1122285 ,    1122285
TRIM        ,          , --   ,      50.00 ,     531.81 ,       0.40 ,     600.00 ,        1.0 ,       6385 ,       6385
TRIM        ,          , --   ,     600.00 ,     601.66 ,       0.40 ,  100800.03 ,      189.9 ,    1212319 ,    1212319
TRIM        ,          , --   ,      50.00 ,    1368.42 ,       0.40 ,   13999.97 ,       60.0 ,     383041 ,     383041
TRIM        ,          , --   ,     200.00 ,    6381.75 ,       0.40 ,     100.00 ,        2.0 ,      12764 ,      12764
TRIM        ,          , A3   ,     300.00 ,     301.63 ,       0.40 ,   22400.01 ,       21.1 ,     134830 ,     134830
TRIM        ,          , A3   ,     710.00 ,    2279.65 ,       0.40 ,   53900.08 ,      385.0 ,    2457773 ,    2457773
TRIM        ,          , EX   ,     500.00 ,     501.65 ,       0.40 ,   11200.00 ,       17.6 ,     112229 ,     112229
TRIM        ,          , EX   ,      50.00 ,    1368.42 ,       0.40 ,    1400.00 ,        6.0 ,      38304 ,      38304
TRIM        ,          , HA   ,     300.00 ,     301.63 ,       0.40 ,  123200.03 ,      116.2 ,     741563 ,     741563
TRIM        ,          , HA   ,     300.00 ,     317.50 ,       0.40 ,  123200.03 ,      122.8 ,     783710 ,     783710
TRIM        ,          , HA   ,     400.00 ,     400.05 ,       0.40 ,   33600.01 ,       42.2 ,     269282 ,     269282
TRIM        ,          , HA   ,     215.00 ,     215.00 ,       0.50 ,      50.00 ,        0.0 ,        213 ,        213
TRIM        ,          , HA   ,      50.00 ,     152.40 ,       2.00 ,      50.00 ,        0.1 ,        153 ,        153
TRIM        ,          , HA   ,     200.00 ,     600.08 ,       2.00 ,    6000.00 ,       56.5 ,      71981 ,      71981
ANGLE       , L40X40X4 , RO   ,      39.88 ,      39.88 ,       4.00 ,   68735.45 ,      166.3 ,     105857 ,     105857
ANGLE       , L75X100  , RO   ,     175.00 ,     175.00 ,       2.00 ,   38999.99 ,      122.5 ,     155959 ,     155959
ANGLE       , SROD12   ,      ,      12.00 ,      12.00 ,      12.00 ,  283518.88 ,      306.2 ,      64960 ,      64960
ANGLE       , SROD12   , --   ,      12.00 ,      12.00 ,      12.00 ,  250873.23 ,      122.2 ,      25930 ,      25930
CABLE       , ROD20    , --   ,       0.00 ,       0.00 ,      20.00 ,  235160.00 ,      579.9 ,     147756 ,     147756
BOLT        , AB20     , --   ,       0.00 ,       0.00 ,      20.00 ,     624.99 ,       13.5 ,          0 ,          0
BOLT        , AB24     , --   ,       0.00 ,       0.00 ,      24.00 ,     730.00 ,      343.8 ,          0 ,          0
BOLT        , H12X50   , --   ,       0.00 ,       0.00 ,      12.00 ,      50.01 ,       29.4 ,          0 ,          0
BOLT        , H16X70   , --   ,       0.00 ,       0.00 ,      16.00 ,      70.00 ,        3.0 ,          0 ,          0
BOLT        , H20X90   , --   ,       0.00 ,       0.00 ,      20.00 ,      89.99 ,       76.5 ,          0 ,          0
BOLT        , M12X50   , --   ,       0.00 ,       0.00 ,      12.00 ,      50.01 ,       58.2 ,          0 ,          0
BOLT        , M16X70   , --   ,       0.00 ,       0.00 ,      16.00 ,      70.00 ,        0.2 ,          0 ,          0
SCREW       , 12x20SDS , --   ,       0.00 ,       0.00 ,       0.00 ,      20.00 ,        2.7 ,          0 ,          0
SCREW       , 12x20SDS , A2   ,       0.00 ,       0.00 ,       0.00 ,      20.00 ,       11.6 ,          0 ,          0
SCREW       , 12x20SDS , A3   ,       0.00 ,       0.00 ,       0.00 ,      20.00 ,       14.3 ,          0 ,          0
SCREW       , 12x20SDS , HA   ,       0.00 ,       0.00 ,       0.00 ,      20.00 ,        8.2 ,          0 ,          0
SCREW       , 14x20SDS , A2   ,       0.00 ,       0.00 ,       0.00 ,      20.00 ,       24.5 ,          0 ,          0
SCREW       , 14x55SDS , A3   ,       0.00 ,       0.00 ,       0.00 ,      55.00 ,       15.7 ,          0 ,          0
SCREW       , Rivet    , --   ,       0.00 ,       0.00 ,       0.00 ,      11.00 ,        1.4 ,          0 ,          0
SCREW       , Rivet    , A3   ,       0.00 ,       0.00 ,       0.00 ,      11.00 ,        3.4 ,          0 ,          0
SCREW       , Rivet    , EX   ,       0.00 ,       0.00 ,       0.00 ,      11.00 ,        0.7 ,          0 ,          0
SCREW       , Rivet    , HA   ,       0.00 ,       0.00 ,       0.00 ,      11.00 ,        0.7 ,          0 ,          0
